154,35
0,273
0,270
3,1
3,3
77,8
77,7
77,6
77,5
77,4
77,3
77,2
77,1
77,0
76,11
76,10
76,9
76,8
76,7
76,6
76,5
76,4
76,3
76,2
76,1
76,0
53,6
53,5
53,4
53,3
53,2
10,117
10,111
53,1
53,0
35,5
35,4
10,245
35,3
10,187
35,1
34,5
34,4
34,3
10,77
34,2
10,315
34,1
33,3
33,1
32,5
32,4
10,241
32,3
10,95
10,2
10,3
32,1
31,6
31,5
31,4
31,3
11,18
11,8
31,2
11,17
11,4
11,6
11,30
31,1
30,4
30,3
30,2
9,7
9,5
9,2
9,3
30,1
8,7
8,13
8,12
8,14
8,8
8,4
8,10
29,6
29,5
29,4
29,3
29,1
28,3
28,1
27,5
27,3
27,1
26,3
26,1
24,3
24,1
20,3
20,2
20,1
19,3
19,2
19,1
14,4
12,3
12,2
12,1
11,28
11,27
